# .PCD v0.7 - Point Cloud Data file format
VERSION 0.7
FIELDS x y z
SIZE 4 4 4
TYPE F F F
COUNT 1 1 1
WIDTH 918
HEIGHT 1
VIEWPOINT 0 0 0 1 0 0 0
POINTS 918
DATA ascii
-0.57861239 0.27295145 0.96200776
-0.58289814 0.3421697 0.96943671
-0.57107437 0.2988148 0.9920541
-0.45762107 0.3009446 1.0348619
-0.57854545 0.36106411 0.98959118
-0.45863819 0.34756023 1.0390337
-0.6021874 0.40936971 0.99027836
-0.4368645 0.41674656 1.0712523
-0.65478647 0.47439221 1.1390082
-0.56193501 0.47014475 1.1396424
-0.46603012 0.46669975 1.1404781
-0.40484691 0.4684338 1.1641538
-0.33476871 0.29998031 1.2766775
-0.34881461 0.3601101 1.2665707
-0.72239476 0.45085102 1.2703004
-0.66381675 0.45965967 1.2344751
-0.57940751 0.45763937 1.2178714
-0.46275881 0.45779848 1.246986
-0.38179845 0.44313478 1.2130971
0.15314715 0.24784116 1.3772006
0.19529118 0.23583822 1.37115
-0.33965117 0.32092381 1.2869356
0.16131912 0.34939954 1.3888321
-0.73878098 0.44093174 1.342104
-0.67659861 0.44743618 1.320122
-0.5536195 0.45182657 1.338613
-0.47672823 0.45601735 1.3316379
0.15714756 0.43020874 1.3919942
-0.026098665 0.1959088 1.4874301
0.024056859 0.19796547 1.4757395
0.10567226 0.20220914 1.4681442
-0.026528455 0.20859256 1.4864846
0.042045448 0.24805409 1.4622388
0.11352112 0.2518037 1.4276739
0.22622763 0.24997221 1.4457181
0.2886548 0.22647126 1.4911197
-0.84778202 0.37821618 1.4722453
0.048532125 0.35096624 1.4711808
0.11810256 0.35488597 1.4217556
0.21087158 0.35169145 1.4523609
-0.76025146 0.42878428 1.4268386
-0.69580102 0.43873549 1.4157203
-0.56830823 0.4451552 1.4244292
-0.49038205 0.45212767 1.4102476
0.052904878 0.44981387 1.4744904
0.12571436 0.45549646 1.4226425
0.20456815 0.45124573 1.4620461
0.060245264 0.55057663 1.4802827
0.12686886 0.55277795 1.4302948
0.19744846 0.5517686 1.4704964
0.060711633 0.61621416 1.485271
0.10418973 0.60856432 1.4513164
0.19577384 0.61405039 1.4807932
-0.14669061 0.18632081 1.5727495
-0.076473884 0.18979424 1.5384158
0.026857894 0.19287887 1.5562887
0.12227067 0.19853249 1.5531865
0.19568174 0.20073156 1.5580763
0.31375802 0.20151135 1.560136
-0.82522589 0.2706033 1.5338218
-0.80971217 0.27767488 1.5273211
-0.12885161 0.24436669 1.5841421
-0.071959607 0.25456038 1.5458782
-0.0049894275 0.26833975 1.5075372
0.13983208 0.20627157 1.5233918
0.24224062 0.23540004 1.5234172
0.31251281 0.24322559 1.5602608
-0.83924246 0.35283765 1.5014645
-0.81408763 0.3237063 1.5148292
-0.12628749 0.33873263 1.5860944
-0.07120464 0.35204157 1.5551518
-0.0019031661 0.35546324 1.5076599
0.2590915 0.3571851 1.5251603
0.29364997 0.35042033 1.5732317
-0.74444669 0.42980644 1.4949822
-0.064974293 0.45147702 1.563827
0.0028557191 0.45591366 1.5162886
0.25261834 0.45516664 1.5353061
0.28761905 0.449247 1.5837623
-0.061091039 0.55088603 1.5689768
0.009328776 0.55488491 1.5207459
0.24608436 0.55316645 1.5461237
0.28257129 0.53081673 1.5927185
-0.057883684 0.63335478 1.571682
0.009315691 0.62333971 1.5242354
0.24301612 0.63005197 1.5564116
0.86070788 -0.63330758 1.6985037
0.85289973 -0.54060817 1.69572
0.850021 -0.44322547 1.6977983
0.85162437 -0.35005119 1.6987312
0.83933765 -0.23858178 1.691921
0.82373649 -0.14354463 1.6839314
0.82206315 -0.064517781 1.6845679
0.34122998 0.095182344 1.6770507
0.37894222 0.096523777 1.6707507
0.86701787 0.045740869 1.7044699
-0.25972486 0.17333399 1.6600943
-0.18080036 0.17806138 1.6237801
-0.06863492 0.17790307 1.6409283
0.033015013 0.18338101 1.6385524
0.12467176 0.18841934 1.6381799
0.22777954 0.19572195 1.64018
0.32624406 0.15636232 1.6575668
0.38944742 0.16170983 1.6636183
0.86998314 0.16570346 1.7053963
-0.2448277 0.25071788 1.6733222
-0.17824586 0.25379726 1.6247104
0.26571551 0.20550871 1.6279609
0.34941471 0.2584452 1.6303632
0.39660758 0.2356748 1.6694549
0.8703863 0.24655953 1.7059923
-0.24218561 0.35065427 1.6759305
-0.17455749 0.35176876 1.626367
-0.12159225 0.39002034 1.5935556
0.34203795 0.35329667 1.6423641
0.38053799 0.33324766 1.6950167
0.86912042 0.358749 1.7067837
-0.23689403 0.43650654 1.6789184
-0.1716914 0.4521305 1.6364892
-0.11500473 0.46046689 1.6006391
0.33176744 0.4524008 1.647207
0.37750939 0.40823022 1.6979948
0.8706277 0.42408249 1.7072866
-0.22884457 0.53350013 1.6869556
-0.17279963 0.55193573 1.6473864
-0.11135038 0.55783999 1.6028299
0.31922022 0.55433583 1.6484545
0.86399293 0.52379394 1.7078878
-0.22807084 0.63870591 1.688401
-0.17542325 0.64923346 1.6540672
-0.10641769 0.64074731 1.6045299
0.2730732 0.64822292 1.6042058
0.30968937 0.64680779 1.6533926
-0.22770213 0.70808041 1.688912
-0.21355918 0.70541066 1.6810043
0.3301512 0.70730728 1.6966202
-1.0893961 -0.75613695 1.7590643
0.6881395 -0.6585964 1.7524658
0.7387681 -0.63872564 1.7025104
0.69899952 -0.54086787 1.6722653
0.74021411 -0.65045851 1.7702163
0.8175562 -0.64698046 1.7203832
0.88253391 -0.66702312 1.7190005
-0.91792536 -0.57690686 1.7547448
0.74494362 -0.54813313 1.7740821
0.81258804 -0.54868996 1.7248623
0.88378316 -0.56769478 1.7253268
0.75084192 -0.44862098 1.7773074
0.81023109 -0.44798243 1.7287323
0.75109076 -0.34883276 1.7821654
0.81182015 -0.34651309 1.7294949
0.74847281 -0.24727711 1.7758229
0.80011868 -0.25350523 1.7236537
0.74821711 -0.14471847 1.7644997
0.78689533 -0.15654163 1.7138041
0.74576068 -0.058948044 1.7682177
0.81075901 -0.024931785 1.7384744
0.32556558 0.072960526 1.7135452
0.7600686 0.050115738 1.7914425
0.82240713 0.053021591 1.7443185
-0.43398303 0.15130088 1.7762445
-0.37154979 0.1559522 1.738325
-0.30339068 0.17175472 1.7177784
-0.16605772 0.16201192 1.7337681
-0.077640437 0.16705154 1.7303315
0.022884231 0.17141172 1.7399031
0.12513526 0.17628354 1.7521887
0.23835279 0.18370557 1.7502171
0.28182572 0.18668002 1.7333306
0.4571954 0.19805048 1.7430458
0.49353623 0.19396125 1.7846446
0.75930899 0.14740649 1.7932521
0.8227452 0.15263566 1.7452985
0.87669981 0.19963868 1.7137697
-0.36109376 0.2647126 1.7629166
-0.29458636 0.25169289 1.708552
0.27108508 0.20498961 1.7152911
0.43359995 0.25841421 1.7454489
0.49044752 0.21226741 1.7786881
0.75930995 0.25615615 1.7941691
0.82238984 0.25298074 1.7470676
0.87659961 0.2594285 1.7142023
-0.34805766 0.33137813 1.7504345
-0.29289937 0.35113254 1.7144223
0.41496143 0.3520107 1.7474289
0.75831777 0.35748288 1.7945267
0.8221153 0.35254967 1.746459
0.87644076 0.35412279 1.7148879
-0.33748189 0.45210487 1.7536433
-0.28551623 0.45395663 1.718531
0.36974165 0.47659704 1.7073877
0.40570232 0.45054865 1.7525373
0.76015514 0.45264477 1.7947556
0.82180065 0.45245698 1.7478865
0.87986994 0.47098222 1.7227813
-0.34111953 0.55359483 1.7633326
-0.27770048 0.55197257 1.7172443
-0.22536908 0.59762466 1.6961541
0.36516801 0.55941147 1.7151439
0.39785418 0.55100787 1.7607757
0.75909454 0.54619861 1.7949088
0.82188499 0.55154866 1.752986
0.88077688 0.56176823 1.7309849
-0.34348574 0.64928162 1.7632802
-0.27779022 0.65202832 1.7238516
-0.22552709 0.69185859 1.6968364
0.35779792 0.65614974 1.7236036
0.39471549 0.64848614 1.7767841
0.7571699 0.65038425 1.7952709
0.81819767 0.65223032 1.7630646
0.88563091 0.65736943 1.7513962
-0.34690663 0.72557652 1.7708122
-0.28455949 0.71536452 1.7303829
-0.22554617 0.70323163 1.6969185
0.35655916 0.7153039 1.7336248
0.38732186 0.72090846 1.7741139
0.75547713 0.72990292 1.7961152
0.81816691 0.72489727 1.7683351
0.89112926 0.72376335 1.7645354
0.55115074 -0.57604402 1.8221325
0.043734815 0.229653 1.6263357
-1.0259235 -0.69893229 1.7994667
-0.96323776 -0.72905171 1.7948978
0.63045555 -0.74849039 1.8682412
0.67297846 -0.69775164 1.8148153
-1.1263595 -0.6522094 1.8073303
-1.0767077 -0.65146798 1.8081679
-0.98093212 -0.65111083 1.7981584
0.63553208 -0.64868414 1.8703375
0.69058359 -0.64547455 1.821915
-1.132732 -0.52868789 1.8320534
-1.0780795 -0.55388033 1.8179758
-0.98356247 -0.55108666 1.8048787
0.63728684 -0.54657781 1.8750174
0.69304055 -0.54951853 1.8224546
-1.1346196 -0.45393279 1.8379995
-1.0745221 -0.45020536 1.823276
-0.98998529 -0.45193386 1.8174573
0.63925558 -0.44842175 1.8748198
0.69881308 -0.44798222 1.8214715
-1.1334958 -0.35032618 1.8396899
-1.0771856 -0.351695 1.8328944
-0.99364996 -0.35136488 1.8223016
0.63853782 -0.34736317 1.873705
0.6995737 -0.34770101 1.8202599
-1.1373448 -0.24952245 1.8492744
-1.077625 -0.25145844 1.8383456
-0.99661744 -0.25119129 1.8303919
0.63508373 -0.24824834 1.8710723
0.69793266 -0.24681538 1.8196247
-1.1370621 -0.14912426 1.85019
-1.0796789 -0.15131444 1.8456609
-1.002875 -0.15358427 1.8379997
0.63781345 -0.14884339 1.8658967
0.69647789 -0.15171416 1.8170321
-1.139449 -0.051460553 1.8580779
-1.0767959 -0.051218588 1.8480581
-1.0068039 -0.051899951 1.84746
0.6401605 -0.050581951 1.8680301
0.70161998 -0.038471233 1.8252728
-1.1375333 0.034661803 1.8611825
-1.0772579 0.049177691 1.8538609
-1.0118682 0.046767656 1.8540509
0.64174193 0.051306102 1.878832
0.71033323 0.052354682 1.830218
-1.1339347 0.13261996 1.8636148
-1.0745105 0.14964426 1.8587236
-1.0123879 0.14451717 1.8631817
-0.55066705 0.13365348 1.8600184
-0.48221216 0.14458463 1.8121401
-0.34905559 0.13904579 1.827764
-0.30038679 0.14280263 1.826244
-0.18604144 0.15018821 1.8308623
-0.067676522 0.15757574 1.8434932
0.019913685 0.16133541 1.8335925
0.14321434 0.16358884 1.8124049
0.23622724 0.16721709 1.8196577
0.2857343 0.17184885 1.8657937
0.53648382 0.1929602 1.8446215
0.63776797 0.15146504 1.8811802
0.71078026 0.15322731 1.8310703
-1.1390967 0.24707009 1.8621695
-1.0710148 0.24397947 1.8618937
-1.0170884 0.23188363 1.8660918
-0.53344345 0.24302311 1.8758812
-0.47687498 0.25784683 1.8430401
-0.4039712 0.25357062 1.8060241
0.46809816 0.27958247 1.8091793
0.50757211 0.25912061 1.8522789
0.64408982 0.2506288 1.8818936
0.71114272 0.25028342 1.8347631
-1.0613753 0.33574137 1.8654644
-1.0225152 0.32246548 1.860587
-0.4617568 0.30211461 1.8323022
-0.4125818 0.30769533 1.796084
0.46061707 0.35366961 1.8142456
0.49826425 0.35103077 1.8662392
0.64368081 0.35330603 1.8853698
0.71264291 0.35071015 1.8377578
-1.0693607 0.41249746 1.8645644
0.45433468 0.4562194 1.8238785
0.49141294 0.44676051 1.8724828
0.6472472 0.45051593 1.8872808
0.71126562 0.45213977 1.8371747
-1.0118091 0.50383329 1.868875
0.4481045 0.55330795 1.8343794
0.4855476 0.54694784 1.886199
0.65115213 0.54823339 1.8918403
0.71134496 0.55408382 1.842018
0.43987814 0.65381664 1.8402487
0.47720641 0.64946568 1.8933663
0.65405399 0.65188491 1.8926008
0.70932919 0.6525141 1.8441436
0.43823397 0.73926759 1.8520404
0.47428098 0.71680224 1.8980781
0.64933312 0.75096375 1.8887753
0.70364487 0.73537612 1.8393309
-0.9448716 -0.80043709 1.913021
-0.87140018 -0.82396305 1.9186034
-0.81453109 -0.83314788 1.9590477
0.37106794 -0.74652833 1.9706395
0.47635707 -0.72799075 1.9408491
0.510719 -0.4978753 1.8744047
-0.96726978 -0.75344276 1.9126174
-0.88014287 -0.75311446 1.9002452
-0.82155514 -0.76962966 1.9601563
0.46581203 -0.75533569 1.9813719
0.52266568 -0.74922258 1.942832
0.58461249 -0.74614829 1.9019681
-0.97081423 -0.65125507 1.9175467
-0.89210677 -0.65444881 1.8996336
0.46344656 -0.64764136 1.9801334
0.52291113 -0.65006238 1.9443092
0.58801085 -0.6458655 1.9054134
-0.97289324 -0.55087805 1.9221156
-0.89679366 -0.55081624 1.8996131
-0.78766561 -0.51631165 1.9572647
0.46167198 -0.54582924 1.9812231
0.52350426 -0.54898185 1.9463001
0.59144354 -0.55311584 1.9051477
-0.97335273 -0.45200026 1.9268816
-0.90179485 -0.45336428 1.9113768
-0.79345882 -0.50053412 1.9636573
0.46356553 -0.44918716 1.985972
0.52203262 -0.44937575 1.9477224
0.59244931 -0.44737718 1.9058204
-1.0319488 -0.30800405 1.956618
-0.97353256 -0.35166717 1.9361559
-0.91023046 -0.35095331 1.9268417
0.46311083 -0.34755519 1.9837216
0.52228338 -0.34930247 1.9470576
0.58958483 -0.35000518 1.9060284
-1.0328426 -0.27135321 1.9608685
-0.97004402 -0.25007719 1.9408332
-0.91164619 -0.25505531 1.9331913
0.46483332 -0.23616037 1.9887214
0.5212661 -0.24937347 1.9491322
0.58699751 -0.24933854 1.9055221
-1.133227 -0.10898454 1.8721633
-1.0330145 -0.16890995 1.96161
-0.96925032 -0.15210675 1.9406753
-0.91722828 -0.15424083 1.9429499
0.46807396 -0.15771979 1.9879094
0.52233034 -0.14941156 1.9514595
0.59016317 -0.14704472 1.9072222
-1.1456125 -0.062645398 1.8722689
-1.0303788 -0.044603273 1.9285557
-0.96474361 -0.051014271 1.9456025
-0.92300981 -0.060539763 1.9538871
0.4664509 -0.037098747 1.9904718
0.52246171 -0.049825002 1.9539288
0.59139043 -0.049800221 1.9088185
-1.1480461 0.067795582 1.875844
-1.0383292 0.061392888 1.9438479
-0.96664709 0.048707794 1.9503015
-0.92778504 0.052258115 1.956534
-0.15357341 0.070422895 1.9608504
-0.12588042 0.070552796 1.9576364
0.4679701 0.03923703 1.991055
0.52547187 0.051278409 1.9569376
0.59255785 0.052093834 1.9112384
-1.1465189 0.1540453 1.8765604
-1.114446 0.16360612 1.887068
-0.9660002 0.14755465 1.9534016
-0.9257673 0.10587436 1.9560013
-0.66408825 0.12070739 1.951017
-0.60217983 0.12449375 1.9040759
-0.34999737 0.12696312 1.9522269
-0.29969603 0.13175145 1.9325892
-0.16947278 0.13271202 1.9464754
-0.095786698 0.13612248 1.9321808
-0.015772805 0.15042616 1.9075602
0.46352085 0.13288379 1.9908521
0.52414685 0.14501695 1.9554503
0.59224606 0.14988098 1.9127971
-1.145095 0.24176878 1.881085
-1.1051627 0.26086202 1.8769311
-0.97141516 0.24871419 1.9466137
-0.64572853 0.23920009 1.9673831
-0.57660139 0.24488755 1.9234755
-0.4759475 0.22072199 1.9427226
-0.39621219 0.22646694 1.942379
0.55783838 0.26282096 1.9260584
0.59632534 0.25285345 1.9114281
-1.1500415 0.35112807 1.8892012
-1.1002179 0.35863182 1.8810985
-0.96969444 0.34244388 1.9650551
-0.520078 0.30228242 1.8865626
0.5522396 0.35219651 1.9284759
0.5937624 0.35028827 1.9142269
-1.1439927 0.42393783 1.8879751
-1.0846459 0.44580755 1.8860562
-0.9697184 0.43395549 1.9654629
0.54743606 0.45235446 1.9350147
0.59868389 0.45215532 1.9188292
-1.0596147 0.52398419 1.896596
-0.9820261 0.52548766 1.9612004
0.53958201 0.55187565 1.9406483
0.60129666 0.55271083 1.9242618
0.53504735 0.65209413 1.9513198
0.60472393 0.65092134 1.9247105
0.46905079 0.76921797 1.9083635
0.53122377 0.75237733 1.9521438
0.60236591 0.7487424 1.9247289
0.53184563 0.8097471 1.9562987
0.58502322 0.80494761 1.9289098
-0.87528253 -0.82742274 1.9779238
-0.80297166 -0.83312571 1.9839543
0.35174301 -0.84841818 2.0690448
0.38263899 -0.8085292 2.0200074
-0.86813027 -0.74646926 1.9771885
-0.81101787 -0.75216579 1.9820919
0.34979993 -0.74888736 2.0685933
0.41689491 -0.74914807 2.0232062
-1.0373116 -0.62009978 1.9752537
-0.86355972 -0.64865583 1.983709
-0.8133738 -0.65046936 1.9835387
0.34775922 -0.6509524 2.0692658
0.41360703 -0.64925963 2.022773
-0.86627007 -0.55174476 1.9895691
-0.81521147 -0.55582279 1.9948244
0.34873319 -0.55152732 2.0687478
0.41275403 -0.55044979 2.0224116
-1.0355228 -0.41478592 1.9726732
-1.0259408 -0.42042929 1.9709157
-0.87008917 -0.4510991 1.9971106
-0.82055444 -0.45820469 2.0064037
0.35380092 -0.45350069 2.0708947
0.41587046 -0.45021799 2.0239215
-1.0367926 -0.3554906 1.9761384
-1.0247047 -0.36141953 1.9713666
-0.87492788 -0.35255542 2.0119553
-0.82656628 -0.36118746 2.0230672
0.35631821 -0.35843033 2.074738
0.41419303 -0.35039538 2.0327992
-1.0392405 -0.24603379 1.9829488
-1.0222142 -0.25020024 1.9732928
-0.87952328 -0.251122 2.0213842
-0.82746011 -0.27451271 2.0172782
0.35803434 -0.25209817 2.0763118
0.41837239 -0.25014177 2.0325913
0.47269824 -0.28281677 2.0028045
-1.0443916 -0.13816476 1.9889899
-0.98313296 -0.15191272 2.0022006
-0.88382632 -0.15195319 2.0300148
-0.82627022 -0.16484167 2.0094955
0.36098641 -0.15565243 2.078407
0.41904891 -0.14977045 2.0385954
0.47361064 -0.10082622 2.0011439
-1.0460879 -0.053094719 1.99038
-0.97237009 -0.04917394 2.0100634
-0.89130211 -0.054312136 2.0381441
0.36118895 -0.06540896 2.0757668
0.4195559 -0.050303143 2.0389311
0.47365952 -0.039484501 2.0037079
-1.0509498 0.049961556 1.9947171
-0.96211767 0.045986764 2.012264
-0.89682859 0.045866445 2.0481434
-0.77982253 0.089947954 2.0388734
-0.72794288 0.097199619 2.0162308
-0.34510419 0.068699673 2.0721574
-0.2597591 0.062960975 2.0404246
-0.19226849 0.04044985 2.0227213
-0.12551515 0.03941204 1.9910142
0.21988414 0.095116444 2.0828636
0.42581344 0.047179718 2.0359097
0.47657582 0.048018645 2.0042315
-1.0515509 0.14725493 1.9980316
-0.97139138 0.14933714 2.0149665
-0.90094697 0.14505431 2.0515614
-0.76425934 0.14196633 2.0414972
-0.70844287 0.15052666 2.0126176
-0.48531112 0.19504781 2.070467
-0.36001542 0.11621413 2.0406594
-0.26771304 0.11718471 2.0396159
-0.193933 0.11487414 2.0130355
-0.068331487 0.13294871 2.0211275
0.22228348 0.11613087 2.0771742
0.4452624 0.1200714 2.0130918
0.47306341 0.13557473 2.0045669
-1.057228 0.24975976 2.0092287
-0.96911788 0.24498953 2.0155561
-0.90687996 0.24642068 2.0563445
-0.76343399 0.23139086 2.0555198
-0.68952155 0.22747611 2.0115802
-0.57335836 0.20530921 2.0219979
-0.47876048 0.20965607 2.0320086
-0.40994978 0.2191066 2.0198562
-1.0455379 0.34642988 2.0029657
-0.97614479 0.34646097 1.9954751
-0.91031349 0.33722663 2.0601802
-1.0626994 0.45539668 2.0176129
-0.97727871 0.45095351 2.0000954
-0.9089213 0.44714424 2.0616033
-1.0641015 0.53584415 2.0133243
-0.98412883 0.51937586 1.9906955
-0.92787635 0.50192565 2.0644619
0.21746068 -0.91814083 2.1591582
0.29821932 -0.90799135 2.1079543
0.22493826 -0.85037065 2.1488824
0.30326784 -0.85349286 2.1055579
0.2248341 -0.75266749 2.147542
0.3010267 -0.75156265 2.1018329
0.16536444 -0.67409623 2.1822791
0.22385532 -0.65352392 2.1496403
0.29843479 -0.65028167 2.1054454
0.16581468 -0.58663589 2.1829231
0.2275193 -0.55191112 2.1527529
0.29987997 -0.54982656 2.1080935
0.22891296 -0.45305333 2.1574621
0.30631262 -0.44907036 2.1110756
0.23436247 -0.37643391 2.1550648
0.31238797 -0.3517561 2.1127717
0.22540383 -0.23899502 2.1662009
0.31476399 -0.25163984 2.1155934
0.23193398 -0.15042092 2.168153
0.30887571 -0.15068553 2.1216176
-0.86930901 -0.022235308 2.0848577
-0.25983509 -0.0054883501 2.133342
0.23304869 -0.052294675 2.1694448
0.3016465 -0.052707899 2.1316521
-0.86203593 0.06912557 2.088537
-0.82591045 0.086373128 2.0795918
-0.34726146 0.088001877 2.1012866
-0.29454723 0.05726577 2.095552
0.16469692 0.079906538 2.1877472
0.23289149 0.047465209 2.1606107
0.28961283 0.030993205 2.1368113
-0.96262151 0.1634298 2.0743582
-0.87100577 0.14884964 2.1252487
-0.79291809 0.16736342 2.1102591
-0.67956823 0.18905745 2.1292603
-0.59301138 0.19287358 2.127667
-0.50265777 0.19571182 2.089653
-0.35223317 0.1066445 2.095768
-0.30871716 0.10670552 2.092957
0.043286368 0.13149108 2.1771944
0.21217149 0.11691291 2.1090772
-0.95958084 0.26654023 2.0751636
-0.87543458 0.24547525 2.1203701
-0.81376702 0.23043865 2.0938668
-0.65749681 0.20209397 2.0966899
-0.57469672 0.20229433 2.0951109
-0.51088619 0.20189288 2.0868676
-0.96130669 0.35957438 2.0801208
-0.89227295 0.34930927 2.1127939
-0.95839536 0.44647786 2.078542
-0.89236981 0.42932025 2.1251481
-0.96558827 0.51305121 2.0805576
-0.9003197 0.62183082 2.1545641
-0.75208944 0.63849574 2.174247
-0.71315444 0.6372962 2.17185
-0.56481874 0.77914566 2.1089571
-0.59208882 0.80680722 2.1332645
-0.81242603 -0.87209564 2.1986938
-0.78288293 -0.86789274 2.2337942
0.057009049 -0.9411481 2.2758603
0.11461587 -0.93648583 2.2351038
0.17752691 -0.9344573 2.1946156
-0.8568874 -0.8556928 2.2077739
-0.81070191 -0.85493076 2.2432811
0.052366238 -0.84872842 2.2732091
0.11838939 -0.85181308 2.2318079
0.17575838 -0.85954529 2.1951272
-0.8634944 -0.75170922 2.2262616
-0.81890053 -0.75819004 2.2487752
0.053565644 -0.75648099 2.2776856
0.1185782 -0.75039834 2.2297838
0.17495455 -0.75957125 2.1958389
-0.86266577 -0.6556868 2.2392724
-0.82427162 -0.66868675 2.2644145
0.055026148 -0.65270895 2.2749133
0.11707214 -0.65053213 2.2346854
0.1761318 -0.63023192 2.1971202
-0.87365019 -0.55424535 2.2421708
0.057084039 -0.54652691 2.2794693
0.11859012 -0.55159479 2.2394555
0.18086158 -0.54733449 2.1980405
-0.88588458 -0.45683035 2.2533934
0.057419915 -0.45274702 2.2828696
0.11710896 -0.45188057 2.2455337
0.17802824 -0.4487094 2.2012541
-0.89712036 -0.3506414 2.2599394
0.056201067 -0.36093336 2.2807429
0.11006073 -0.35627824 2.2493157
0.17638336 -0.38475314 2.2175047
-0.90384966 -0.25427464 2.2542181
0.057600304 -0.2432268 2.2834244
0.11625607 -0.25187463 2.2452273
0.17871088 -0.25329387 2.2051854
-0.90929496 -0.15545136 2.2566392
0.054087371 -0.15061009 2.2815514
0.1165183 -0.15189864 2.2426283
0.18233916 -0.15436561 2.2028234
-0.93762612 -0.07279411 2.2558088
-0.91425526 -0.055654857 2.2550173
-0.60859597 -0.012270016 2.2757077
0.052819513 -0.054700483 2.2812016
0.1162689 -0.052213926 2.2452059
0.18327098 -0.049307976 2.2038951
-0.93893039 0.035279877 2.2645719
-0.91255915 0.03739408 2.247088
-0.7848509 0.070196681 2.2575243
0.053949337 0.048870545 2.2847147
0.11621737 0.04827508 2.2451189
0.18460549 0.044819411 2.2048419
-0.86902565 0.16288528 2.2425258
-0.6581496 0.17709664 2.1941454
-0.63029629 0.1834738 2.1914597
0.037078023 0.11842987 2.2559669
0.11765277 0.11475486 2.2449725
0.18259872 0.11044313 2.2080204
-0.88606769 0.29105595 2.2073359
-0.8890065 0.35038456 2.2014468
-0.8949399 0.44555673 2.197367
-0.88177502 0.62074113 2.2310381
-0.7841087 0.62421674 2.2220812
-0.71615332 0.6238184 2.2163179
-0.64707524 0.77388489 2.2329137
-0.61645919 0.75023216 2.2254722
-0.65182918 0.82331485 2.2328053
-0.62568969 0.81087071 2.2200706
-0.76268059 -0.96214831 2.2796195
-0.59589875 -0.9740656 2.3194723
-0.074380763 -1.0072684 2.368217
-0.05910502 -0.86072397 2.3059864
-0.75295132 -0.91589379 2.296931
-0.71149153 -0.96049118 2.3450639
-0.063163288 -0.95216638 2.3688176
0.0031478694 -0.93622816 2.3182263
-0.76374853 -0.85115165 2.3092654
-0.72394884 -0.86056912 2.3529387
-0.055957425 -0.85609931 2.3691177
0.0025047092 -0.85275668 2.3213141
-0.77292359 -0.75306851 2.3156025
-0.72710353 -0.77469903 2.3560593
-0.058500286 -0.75628287 2.3689723
0.0047494536 -0.75210851 2.3190629
-0.84628278 -0.61919355 2.2818756
-0.78529042 -0.65390849 2.3215992
-0.73532623 -0.68210047 2.3594987
-0.055526767 -0.65668535 2.3686249
0.0058024665 -0.65264803 2.3214142
-0.84708852 -0.54372358 2.2871668
-0.80279905 -0.55602378 2.3355815
-0.05916452 -0.55975419 2.372663
0.0068578413 -0.55282289 2.3252363
-0.85272527 -0.44927785 2.2979937
-0.80750734 -0.45552233 2.3459151
-0.053345438 -0.45547566 2.3723531
0.0097882627 -0.45260784 2.3238719
-0.86057127 -0.35549068 2.3020639
-0.80979574 -0.35448381 2.3500123
-0.052701723 -0.35917142 2.3740275
0.0079677543 -0.35185456 2.3259301
-0.86622441 -0.25470394 2.3037472
-0.81588638 -0.26138183 2.3489189
-0.053156067 -0.24895018 2.3758037
0.0095035797 -0.25473842 2.3247678
-0.86928028 -0.15350804 2.3114481
-0.82157391 -0.15804705 2.3511972
-0.057389859 -0.15216945 2.373812
0.0042127213 -0.15361165 2.3275907
-0.94065535 -0.0063415142 2.2845743
-0.87414134 -0.054200325 2.3194792
-0.82533985 -0.056493942 2.3605201
-0.6617865 -0.027616683 2.335412
-0.6048221 -0.034632806 2.3143876
-0.056064155 -0.052052457 2.3750184
0.0035059405 -0.052087363 2.3243284
-0.87955928 0.034127586 2.3249466
-0.81467092 0.037428133 2.3435459
-0.71101785 0.037829727 2.3494029
-0.050810438 0.007693436 2.3761301
0.015840217 0.04096134 2.3215692
-0.84888226 0.16449991 2.2951393
-0.80390215 0.17624648 2.3355863
0.026357457 0.10514821 2.3111999
-0.87955445 0.24434108 2.3284552
-0.83601159 0.19694814 2.3520124
-0.89529949 0.34391567 2.3443594
-0.90385878 0.44391918 2.3513963
-0.89880049 0.57622188 2.361181
-0.77283752 0.59425938 2.3415995
-0.89956194 0.63806027 2.328248
-0.78982866 0.60204858 2.3279777
-0.72978824 0.60678953 2.32528
-0.91047341 0.69919068 2.3574784
-0.59085566 0.77445793 2.3630168
-0.4887448 0.7105245 2.3782108
-0.61853969 0.80069798 2.3684497
-0.659531 -1.0234923 2.3991053
-0.6229617 -1.0377626 2.4474661
-0.18534571 -1.0312955 2.4503903
-0.10851189 -1.0238949 2.4036729
-0.66650027 -0.95219105 2.4109049
-0.62988019 -0.94947135 2.4627652
-0.17802726 -0.95371753 2.4454465
-0.10265606 -0.95274901 2.3941863
-0.67719048 -0.85527819 2.4212353
-0.63206863 -0.86791104 2.467
-0.17870937 -0.85600913 2.44256
-0.10533885 -0.85533106 2.3993502
-0.74065858 -0.72171265 2.3801155
-0.68887877 -0.75361627 2.4248669
-0.18021795 -0.75191283 2.4498057
-0.10460159 -0.75416285 2.3987827
-0.74642569 -0.63343799 2.3894
-0.69965357 -0.65521735 2.430058
-0.17943998 -0.65385216 2.4477634
-0.1022043 -0.65571076 2.4027116
-0.75230378 -0.55396521 2.3977225
-0.71145755 -0.55746698 2.4432645
-0.17577022 -0.55359679 2.4481177
-0.10432415 -0.55012071 2.4010997
-0.76137251 -0.45384833 2.4070468
-0.71379721 -0.45859396 2.4511731
-0.17411481 -0.45466906 2.4468412
-0.10079833 -0.45307502 2.4011681
-0.76204407 -0.35645828 2.4014354
-0.71750033 -0.35557559 2.4547305
-0.17474338 -0.35405117 2.4474027
-0.099790253 -0.35099959 2.4059308
-0.77208984 -0.25146613 2.4059796
-0.71763581 -0.25909516 2.4568472
-0.17271225 -0.25479802 2.4505367
-0.10106102 -0.25499558 2.4080403
-0.77551848 -0.1532293 2.4126654
-0.72127104 -0.15752017 2.463062
-0.17129444 -0.15297846 2.4505825
-0.10639338 -0.15388709 2.4038317
-0.83806998 -0.084982336 2.3829312
-0.78140229 -0.056250039 2.4160373
-0.71689224 -0.069965363 2.4551394
-0.16875403 -0.052376125 2.4534385
-0.10301957 -0.05457842 2.4084201
-0.78549957 0.033134148 2.4016922
-0.73584676 0.056653049 2.3858633
-0.16395132 0.0027285898 2.4502952
-0.089873523 0.0091706207 2.4062521
-0.76876974 0.18903071 2.3892136
-0.79001778 0.19994035 2.4104571
-0.85677028 0.35689369 2.4013782
-0.79572481 0.36726186 2.4345961
-0.72794586 0.3875322 2.4713404
-0.86369032 0.44599798 2.4114439
-0.78974515 0.44577903 2.4475098
-0.73182201 0.41092303 2.4710293
-0.85779828 0.56517327 2.4331031
-0.78840047 0.55798131 2.4492645
-0.85954368 0.60035354 2.4134731
-0.78972805 0.60112965 2.4309745
-0.64362878 0.6857686 2.4791694
-0.57846022 0.67308933 2.4422472
-0.51757753 0.6749444 2.4406352
-0.65080476 0.76545614 2.4477417
-0.58859873 0.7350803 2.414578
-0.51906055 0.71992552 2.4218066
-0.64861727 0.80603474 2.4222169
-0.63307196 0.8012529 2.3995645
-0.57410121 -1.1101977 2.5604277
-0.34482926 -1.1098446 2.5646966
-0.3281886 -1.1098189 2.5650065
-0.59185225 -1.0496266 2.5292397
-0.34636885 -1.0738484 2.5649297
-0.29023686 -1.0514224 2.5323129
-0.23360039 -1.0463147 2.492213
-0.6004169 -0.95755613 2.5276871
-0.34356382 -0.92895269 2.5660353
-0.28876093 -0.95533389 2.5336289
-0.23151386 -0.95882201 2.4928892
-0.64291477 -0.8209396 2.4862344
-0.60699928 -0.85732573 2.5340068
-0.3474957 -0.83906841 2.5666142
-0.28786629 -0.85489553 2.5334542
-0.22669388 -0.8465938 2.4942822
-0.64344627 -0.74003828 2.4937482
-0.61032957 -0.75578982 2.5397036
-0.34522873 -0.7379784 2.5673926
-0.28940809 -0.75535786 2.5344315
-0.2309441 -0.7676841 2.4942875
-0.65033001 -0.64997727 2.492358
-0.61583251 -0.65856522 2.5447068
-0.34974268 -0.66773993 2.5678189
-0.28821862 -0.65387189 2.5267739
-0.23194586 -0.64699 2.4951472
-0.66440654 -0.55358726 2.5000587
-0.60941815 -0.5557121 2.5533028
-0.34802055 -0.57548106 2.568521
-0.28971729 -0.55547619 2.5370984
-0.22906341 -0.5529992 2.4958863
-0.66736495 -0.45373833 2.5068657
-0.61728197 -0.45714879 2.557601
-0.34867001 -0.43365586 2.5689061
-0.29016632 -0.45495647 2.5364795
-0.22613248 -0.45181349 2.4966772
-0.67025697 -0.35569185 2.51209
-0.6245259 -0.35470435 2.5561829
-0.34618878 -0.37650684 2.5700018
-0.28811073 -0.35600474 2.5354226
-0.22801512 -0.3559989 2.4973381
-0.67181432 -0.25286269 2.5147805
-0.62325394 -0.26045933 2.5608182
-0.28428969 -0.2552506 2.5405395
-0.22446238 -0.25501025 2.5004666
-0.67558026 -0.15421543 2.5217478
-0.63003826 -0.15736128 2.5657434
-0.28457817 -0.15468632 2.5456696
-0.22360413 -0.1568867 2.5019667
-0.67965776 -0.085297212 2.5276949
-0.63892525 -0.089020059 2.5666442
-0.27754247 -0.056648422 2.5465612
-0.22010523 -0.057431448 2.5038111
-0.24245442 -0.0022460734 2.5176408
-0.22716959 -0.0021659443 2.5089245
-0.71453243 0.39298713 2.4937255
-0.74429744 0.46841663 2.4937198
-0.72233969 0.44986376 2.538723
-0.76337337 0.53850025 2.5080438
-0.72493333 0.51586813 2.548013
-0.64376748 0.66004598 2.5292401
-0.59724712 0.64381415 2.5459859
-0.52607858 0.65009272 2.5196047
-0.55244279 -1.1185582 2.6045287
-0.49108538 -1.1271064 2.6460919
-0.40487918 -1.1228709 2.6223326
-0.55509192 -1.0552721 2.6014454
-0.49510622 -1.0563542 2.6545424
-0.39030862 -1.0551116 2.6108143
-0.3352769 -1.0290583 2.5854654
-0.55754501 -0.95719844 2.6128783
-0.49421471 -0.96070373 2.6585481
-0.39133364 -0.95533973 2.6149988
-0.56247526 -0.85492343 2.6214001
-0.49087036 -0.85504657 2.6610348
-0.39435124 -0.85666692 2.6196051
-0.56443965 -0.75945628 2.630373
-0.49465251 -0.75829095 2.6634738
-0.39255404 -0.75669736 2.6132302
-0.3356894 -0.78307271 2.5872457
-0.56973481 -0.6534453 2.6200075
-0.48978296 -0.65940487 2.6623917
-0.39383042 -0.65701663 2.6136589
-0.33585608 -0.68368465 2.587965
-0.56740767 -0.55342335 2.6267145
-0.48591179 -0.55166417 2.6652908
-0.39356941 -0.55384046 2.6158562
-0.57413948 -0.45583877 2.6289835
-0.48521474 -0.45966202 2.6676991
-0.39401516 -0.45739448 2.6202817
-0.58126825 -0.35615286 2.6282818
-0.46936733 -0.36107278 2.6656804
-0.39401099 -0.35350347 2.6192546
-0.33647066 -0.3171908 2.5906177
-0.58485937 -0.25437143 2.6327074
-0.47183365 -0.25347644 2.66958
-0.3899895 -0.2537477 2.6204488
-0.33486789 -0.2473298 2.591156
-0.59455794 -0.15875918 2.6283283
-0.45444658 -0.15664542 2.6706069
-0.38933992 -0.15561812 2.6272161
-0.33486307 -0.15195516 2.5918493
-0.64493454 -0.073775947 2.5941484
-0.6023559 -0.078719869 2.6300952
-0.4542802 -0.068151399 2.6712532
-0.39136255 -0.064193897 2.6275313
-0.32983908 -0.056715894 2.5938456
-0.67830652 0.4578388 2.6187215
-0.60285342 0.47520062 2.6601062
-0.53984421 0.48598427 2.6326792
-0.74571347 0.53768045 2.5992181
-0.682675 0.5364607 2.6352267
-0.58933204 0.54155654 2.6676085
-0.6562857 0.61888194 2.6340702
-0.58893335 0.62041408 2.6454065
-0.5364148 0.6427511 2.6038766
-0.48562664 -1.0412676 2.6845984
-0.49016482 -0.93399906 2.6930757
-0.50036561 -0.85162181 2.6857023
-0.48678103 -0.7428236 2.6867461
-0.50626862 -0.65046161 2.6923497
-0.54829937 -0.5563587 2.6869576
-0.50831217 -0.56231207 2.6966252
-0.55013567 -0.41837928 2.6915932
-0.50341678 -0.45639619 2.6918135
-0.5480386 -0.36250883 2.6905715
-0.51825118 -0.35041639 2.6956205
-0.55231643 -0.25762144 2.6909838
-0.51560456 -0.25915056 2.6990421
-0.55612391 -0.14850061 2.7038038
-0.50294518 -0.1570614 2.7049391
-0.55735177 -0.07394252 2.7134097
-0.50648504 -0.069155097 2.7190487
-0.61862957 0.48280597 2.6947742
-0.64572281 0.58208734 2.6934199
-0.61370468 0.54110044 2.6937168
-0.67977226 0.60073155 2.699209
-0.60187703 0.61572796 2.6983454
