0.086607
0.086607
0.086607
0.086607
0.086607
0.086607
0.086607
0.086607
0.086607
0.086607
0.086607
0.086607
0.086607
0.086607
0.086607
0.086607
0.086607
0.086607
0.086607
0.086607
0.086607
0.086607
0.086607
0.086607
0.086607
0.086607
0.086607
0.086607
0.086607
0.086607
0.086607
0.086607
0.086607
0.086607
0.086607
0.086607
0.086607
0.086607
0.086607
0.086607
0.086607
0.086607
0.086607
0.086607
0.086607
0.086607
0.086607
0.086607
0.086607
0.086607
0.086607
0.086607
0.086607
0.086607
0.086607
0.086607
0.086607
0.086607
0.086607
0.086607
0.086607
0.086607
0.086607
0.086607
0.086607
0.086607
0.086607
0.086607
0.086607
0.086607
0.086607
0.086607
0.086607
0.086607
0.086607
0.086607
0.086607
0.086607
0.086607
0.086607
0.086607
0.086607
0.086607
0.086607
0.086607
0.086607
0.086607
0.086607
0.086607
0.086607
0.086607
0.086607
0.086607
0.086607
0.086607
0.086607
0.086607
0.086607
0.086607
0.086607
0.000000
