0.010049
0.000711
0.000034
0.000029
0.000022
0.000022
0.000022
0.000022
0.000022
0.000022
0.000022
0.000022
0.000022
0.000022
0.000022
0.000022
0.000022
0.000022
0.000022
0.000022
0.000022
0.000022
0.000022
0.000022
0.000022
0.000022
0.000022
0.000022
0.000022
0.000022
0.000022
0.000022
0.000022
0.000022
0.000022
0.000022
0.000022
0.000022
0.000022
0.000022
0.000022
0.000022
0.000022
0.000022
0.000022
0.000022
0.000022
0.000022
0.000022
0.000022
0.000022
0.000022
0.000022
0.000022
0.000022
0.000022
0.000022
0.000022
0.000022
0.000022
0.000022
0.000022
0.000022
0.000022
0.000022
0.000022
0.000022
0.000022
0.000022
0.000022
0.000022
0.000022
0.000022
0.000022
0.000022
0.000022
0.000022
0.000022
0.000022
0.000022
0.000022
0.000022
0.000022
0.000022
0.000022
0.000022
0.000022
0.000022
0.000022
0.000022
0.000022
0.000022
0.000022
0.000022
0.000022
0.000022
0.000022
0.000022
0.000022
0.000022
0.000000
