0.643604
0.643604
0.643604
0.643604
0.643604
0.643604
0.643604
0.643604
0.643604
0.643604
0.643604
0.643604
0.643604
0.643604
0.643604
0.643604
0.643604
0.643604
0.643604
0.643604
0.643604
0.643604
0.643604
0.643604
0.643604
0.643604
0.643604
0.643604
0.643604
0.643604
0.643604
0.643604
0.643604
0.643604
0.643604
0.643604
0.643604
0.643604
0.643604
0.643604
0.643604
0.643604
0.643604
0.643604
0.643604
0.643604
0.643604
0.643604
0.643604
0.643604
0.643604
0.643604
0.643604
0.643604
0.643604
0.643604
0.643604
0.643604
0.643604
0.643604
0.643604
0.643604
0.643604
0.643604
0.643604
0.643604
0.643604
0.643604
0.643604
0.643604
0.643604
0.643604
0.643604
0.643604
0.643604
0.643604
0.643604
0.643604
0.643604
0.643604
0.643604
0.643604
0.643604
0.643604
0.643604
0.643604
0.643604
0.643604
0.643604
0.643604
0.643604
0.643604
0.643604
0.643604
0.643604
0.643604
0.643604
0.643604
0.643604
0.643604
0.000000
