0.051822
0.009219
0.000437
0.000043
0.000042
0.000038
0.000037
0.000035
0.000033
0.000032
0.000030
0.000029
0.000027
0.000026
0.000025
0.000023
0.000022
0.000021
0.000021
0.000021
0.000021
0.000021
0.000021
0.000021
0.000021
0.000021
0.000021
0.000021
0.000021
0.000021
0.000021
0.000021
0.000021
0.000021
0.000021
0.000021
0.000021
0.000021
0.000021
0.000021
0.000021
0.000021
0.000021
0.000021
0.000021
0.000021
0.000021
0.000021
0.000021
0.000021
0.000021
0.000021
0.000021
0.000021
0.000021
0.000021
0.000021
0.000021
0.000021
0.000021
0.000021
0.000021
0.000021
0.000021
0.000021
0.000021
0.000021
0.000021
0.000021
0.000021
0.000021
0.000021
0.000021
0.000021
0.000021
0.000021
0.000021
0.000021
0.000021
0.000021
0.000021
0.000021
0.000021
0.000021
0.000021
0.000021
0.000021
0.000021
0.000021
0.000021
0.000021
0.000021
0.000021
0.000021
0.000021
0.000021
0.000021
0.000021
0.000021
0.000021
0.000000
