0.177083
0.177083
0.177083
0.177083
0.177083
0.177083
0.177083
0.177083
0.177083
0.177083
0.177083
0.177083
0.177083
0.177083
0.177083
0.177083
0.177083
0.177083
0.177083
0.177083
0.177083
0.177083
0.177083
0.177083
0.177083
0.177083
0.177083
0.177083
0.177083
0.177083
0.177083
0.177083
0.177083
0.177083
0.177083
0.177083
0.177083
0.177083
0.177083
0.177083
0.177083
0.177083
0.177083
0.177083
0.177083
0.177083
0.177083
0.177083
0.177083
0.177083
0.177083
0.177083
0.177083
0.177083
0.177083
0.177083
0.177083
0.177083
0.177083
0.177083
0.177083
0.177083
0.177083
0.177083
0.177083
0.177083
0.177083
0.177083
0.177083
0.177083
0.177083
0.177083
0.177083
0.177083
0.177083
0.177083
0.177083
0.177083
0.177083
0.177083
0.177083
0.177083
0.177083
0.177083
0.177083
0.177083
0.177083
0.177083
0.177083
0.177083
0.177083
0.177083
0.177083
0.177083
0.177083
0.177083
0.177083
0.177083
0.177083
0.177083
0.000000
